2078526030 641756300
362009655 1971793152
1033635184 622384983
1422695805 1688898960
1135068819 1772302967
1016454094 1081478559
199452079 648304749
1440874116 2101642680
1629728075 1460240700
911844696 568875029
1867773968 1077994965
1869810633 1385417968
488498968 926042737
1283826133 1103147271
1988638411 1912355621
888995114 1073513608
457242439 1805918396
1687674337 355025505
1756454648 856999225
2008614090 1337562954
1815628745 1874567174
28089718 1771139552
1721979415 1695152441
1556115228 737315874
660760365 75516827
517218060 755391053
1694054871 1137039804
1716562821 2110654551
185860944 426793485
502570229 1813211775
2036426717 1190101667
109150898 1242907638
1415932425 1750287853
1469424133 1891737291
1664850113 2133650269
887226353 2083024497
1108673054 753138133
1703048570 753236864
1990389170 992977122
1560916049 992541574
810522923 905546786
126553910 1896485839
480125884 1015075632
1343266804 468234281
1302552771 1263958386
1868409292 310378162
437806898 1270243339
419514644 1456861466
767877781 1144765755
623495948 1876389873
852408890 2010109232
1004543493 203926778
1165384646 476230983
281918846 381428336
976170230 2075406619
261612635 1889655274
859715857 1208117353
64888241 1271876045
1240122281 1704481462
601806006 1068784793
1591177111 243136115
660450170 267647251
273396760 1607796709
1910348882 1452032079
273653527 453715497
482687512 1009531817
1034982180 548768791
519889313 1674006460
1635782934 1598379867
384182893 1863107157
1595839458 550615820
2029297687 1515349883
264890447 1023544685
1889100995 346288072
506646853 623918221
1488915818 949594055
1789636638 2137154192
1655236480 413937188
1518628109 1921973993
1317341461 245390148
1169897069 1841819461
2075990361 1362507455
81850704 290978430
272779906 1771572035
186326986 292270823
774245500 248100322
589834767 511092750
533830634 1515109784
1211736246 198802961
308793961 2035428692
696982232 652581481
1185706756 1621895474
412247375 218965447
964289502 392869024
84188954 1318942149
333008200 2136509098
2012970835 252024431
1293445461 1045735518
1398850609 1407388627
594928898 751852186
2037777445 1323472391
1591355503 1768765013
2056895651 1550322714
73204578 193463966
1590990099 1676108733
477480095 507750973
1823569091 1618290655
163357503 1541367253
400821126 2050624649
442378882 122090418
1924938972 183487975
1332658964 1059366254
1068814138 1755762295
273243154 1792234298
1745482597 2098094788
1499309120 1435239186
1402332482 1230279184
1566689748 1440430047
22913638 1736383363
66394606 1821909138
1271825956 754681008
177712162 1608727208
954444583 1040846107
1278476068 1380297633
1718557208 1188218673
1767703697 1351535842
540708046 1897955840
862616797 1871215349
1030058570 1135021183
1981679517 1628552251
306252285 629930531
1212203620 1674229018
1112623342 26208438
1404396459 794257497
282464029 1817689942
364187843 652190574
627893075 1473247202
649017275 2076571572
1122546558 2126006828
379520773 2108740000
370160202 1225527150
1076711883 1584454199
787963836 1195454309
243197832 816501558
1744138321 1226063975
1280149396 599532486
290298984 779086408
2024684502 590840707
6510504 1993958329
334351849 1420304814
1456304342 103289501
563627846 86361463
186807071 1012219786
1841926240 1041297318
1037089757 878615571
1067564152 1543362952
1109224265 1900307580
521906496 268182056
1665784826 1953963622
1587426628 1444102773
1394667099 844677115
1944310218 8642459
1721761718 261863778
434391433 1125293066
1241287483 658844800
584071938 397862813
1575450965 109006026
1686031067 1513038746
808217451 1451930593
954159822 2998785
1323352362 677813902
2004478291 1430026976
1768320425 1471826526
1604574247 818039629
1538223557 57285276
1409237721 2053285749
1958049484 605489733
574520823 846628436
36772366 1087566518
244150492 1577486560
443447352 1748691548
1866773553 1875099689
1895651484 1248206415
1116569946 70045867
62442124 727072258
1409625158 1233623897
96318129 175864442
1569961705 950600229
1850425544 2023849778
1069184337 1837736280
1042710280 188833258
174191916 1443549663
1351588443 739926039
834745263 1501615266
533830634 533497966
1667923987 1792518665
2099733309 1575256608
99555107 530499918
1245539124 1786737019
1132485475 1622730960
1380399493 1837282953
935426357 169288247
281709995 771241155
2044915067 1577625148
1477616774 917671434
1185706756 836742025
170377264 1413543847
230191690 1537574325
1092708703 1040323353
491921403 1672715128
64567609 439520846
395461977 1100091618
396294720 503474639
355286490 1606272447
1221303721 1694200699
416737859 846723701
125974307 198893719
178478127 557987068
519398567 2046927580
1512274657 2095477059
1379186326 1706270336
81802782 1848576197
1386137528 608257952
470104848 2048506010
1727804487 531941929
2075630078 573301894
1293780831 1630972391
2147430491 616522909
1674603939 2123316029
336591014 328449990
1613905425 329350268
666139541 1671182897
336477289 1745395371
1245042172 1932811575
1645680585 1222097925
816954186 259254212
511791843 2121198964
1853759810 919892150
824847161 74852591
1854843982 1587832255
1211262623 1605026914
1028644384 1461209576
1959130586 904845177
171098293 1520374761
798472410 41200960
468898921 453664729
1127505067 310423153
935910011 51221093
660050993 1777548453
1281598585 449373793
1193353671 202011138
469777464 726548529
1116897128 1554090033
